103.923099
105.33082
136.199777
73.709115
148.768116
50.987382
126.247238
37.261983
133.228907
137.376079
59.935406
179.478033
102.920831
35.203267
150.48745
152.175925
157.515926
152.460929
164.105615
202.253675
150.407805
68.371694
175.911366
181.928692
87.451516
78.041083
191.033919
102.630184
36.720598
202.389052
108.837252
111.977882
116.123367
52.897803
123.423131
223.220619
124.554134
135.627503
137.809034
142.710889
145.163833
171.819106
149.94383
152.299525
157.59819
159.819449
165.883915
196.329884
133.643687
36.111857
180.036955
321.028508
87.745472
101.538718
102.280992
196.464026
115.82215
150.411936
102.109785
69.861257
117.721264
117.830163
123.22242
219.951061
121.254377
59.233302
136.424325
70.45396
143.984139
139.170692
151.868653
159.020137
161.744798
124.017338
55.351404
172.17068
178.426458
91.363672
102.930105
187.975254
109.996846
133.499132
192.358993
92.834056
106.36367
134.536028
210.013619
113.182968
76.189906
35.110597
118.142013
258.964089
170.709739
101.486232
25.144435
130.877545
127.224956
243.932111
159.453316
61.110021
384.82142
313.194776
115.455412
49.364132
227.864016
135.033352
36.519615
160.803204
202.876488
99.738195
221.176078
123.694798
32.878037
42.72352
183.873003
183.59619
194.160245
121.83517
23.585194
224.93889
102.155057
29.126975
110.20893
129.283944
118.921652
122.116349
125.504728
60.566225
169.653729
131.231182
52.072197
185.217629
138.503445
141.552874
146.289332
175.720172
96.962162
81.671999
158.896755
162.951997
159.834936
177.732751
80.636464
74.612416
179.888245
185.111137
101.75328
90.361666
192.344853
192.131898
144.956529
103.080973
103.09047
113.254292
45.92178
112.924392
39.189975
126.035309
130.413451
134.136995
71.450638
146.174389
111.055006
14.875299
156.58883
162.009821
160.558997
168.871765
173.558213
123.548791
25.831779
183.294861
222.822939
126.133187
55.557383
196.060018
200.405012
106.197855
101.964915
111.633356
114.257005
119.324154
123.278183
60.394215
131.058141
192.731484
135.661146
75.022183
142.787723
76.627721
185.680311
88.230583
33.628215
152.832103
160.220639
165.221489
170.630147
174.475068
171.42053
182.101574
175.799311
188.942805
193.788531
199.078191
139.251385
101.309242
115.444263
17.810012
136.829665
38.83171
114.726149
26.909174
121.867191
59.213458
68.2033
134.214078
141.111986
79.517653
178.247028
155.313281
155.13576
161.107374
102.819403
35.0674
170.592975
175.346481
102.905916
17.091639
185.378573
231.473758
133.11404
68.897816
224.172438
125.758317
55.092747
111.762118
36.123948
223.443627
143.542707
45.626428
114.070533
112.416601
123.101942
25.293143
130.5601
132.782622
173.243222
75.753897
144.214146
198.424011
165.793388
75.949855
154.3754
192.786944
153.70267
162.139719
169.677656
172.88054
173.434818
179.053889
188.401032
136.843508
182.077393
195.214214
139.916035
97.053855
134.827105
122.856729
105.898248
135.162607
103.2407
207.797507
111.722039
156.46479
130.21361
33.443872
128.506006
173.028497
131.55791
52.313399
160.131621
132.590006
140.699426
77.366745
202.668686
154.981433
198.88817
201.474324
165.802748
185.345873
173.028131
204.171931
102.795843
196.472284
189.955959
103.097542
25.841134
94.9849
124.124406
26.08452
134.514357
39.490009
115.346095
118.004347
122.834275
128.740408
68.096343
79.907303
142.123849
145.025819
148.909576
83.054491
185.540252
102.533802
35.013334
202.325208
165.978141
163.271342
166.698954
100.045827
178.282509
182.693626
184.922355
284.51895
187.572898
195.527028
123.958573
26.372537
203.680608
108.592096
114.250362
56.441477
121.204864
146.963386
80.054898
129.360152
62.138759
232.035064
171.320796
73.986171
144.707184
144.722624
79.747575
156.998199
160.501806
164.149435
168.787165
105.436824
36.863884
176.810909
181.525639
103.111904
35.071713
188.46883
193.495704
107.189341
43.01859
122.857075
24.763794
243.459227
102.805837
104.687573
151.111972
110.232804
113.741283
122.333529
117.071959
129.229633
133.794811
136.15904
162.411082
101.291305
35.266919
148.320977
153.186271
148.653741
160.376654
188.9497
66.796347
170.631584
113.975308
69.896353
176.154392
134.691509
75.740088
189.238197
96.367346
96.117314
124.438749
26.648523
203.364722
107.670656
104.886357
117.24239
27.520843
117.479628
66.968627
132.356167
71.006215
65.9981
112.408745
137.141545
148.976648
63.887314
158.865664
195.707893
122.893411
24.207226
170.292832
173.807707
110.689996
13.39392
214.211992
104.91755
31.666748
194.274114
198.265644
126.984999
29.280857
220.051125
150.24806
52.588911
102.115679
40.441751
116.149527
116.090825
71.298597
129.127764
173.631881
148.02025
52.506571
143.151103
143.920465
182.927728
85.123497
37.531688
154.788331
157.427182
94.998797
205.040841
170.233934
175.154316
82.262509
35.455473
103.039194
102.973026
34.240983
103.168894
138.298894
95.899501
200.868102
106.318971
49.676951
110.494593
35.842279
147.149009
116.285436
52.293366
131.708408
52.764027
138.56412
72.422758
148.422228
101.873177
79.424453
155.666513
158.47192
303.759596
82.645409
98.915978
176.498832
180.385271
102.922764
35.33055
108.787703
196.192341
191.370765
35.825275
116.211511
114.142583
207.64488
110.184945
150.839632
78.97903
113.341311
19.306164
147.363838
62.254066
146.18831
67.617288
131.633567
135.34573
138.484376
143.169699
55.119668
150.367354
158.354818
158.855818
200.242034
118.951785
32.950588
178.990478
96.064174
89.211222
179.418563
184.313464
98.170093
84.785007
13.152332
117.832173
23.938716
217.672043
122.33054
102.79771
103.428162
107.402838
23.404809
116.013162
154.93589
119.576563
35.57582
228.14276
130.734854
165.647764
133.455229
47.858541
49.596548
143.10428
65.930152
150.250355
176.650223
96.466605
68.840328
159.831481
163.350503
168.469477
172.157695
80.34513
178.055832
116.836344
89.286513
187.651651
196.500094
114.689139
62.870722
120.144416
119.981401
234.043997
112.501662
39.53585
116.64349
120.53583
51.201821
126.089621
36.699689
146.80546
161.432941
142.211057
155.25681
150.712969
67.694218
176.941244
94.484305
65.377513
181.343419
100.215958
181.124952
173.61163
87.872835
84.65044
14.070363
183.319253
218.381644
133.970592
46.489448
213.231388
124.029351
39.967835
103.479243
15.25394
134.718201
36.443067
214.710451
116.621949
220.073039
128.769559
124.27267
31.88394
128.687612
131.011345
136.480362
55.515428
243.670079
148.061971
151.319216
151.028349
255.005292
157.681032
162.855222
169.193382
78.481951
79.855693
80.35041
177.09187
90.752024
82.420605
11.35592
207.694927
116.172204
25.399087
328.57013
233.382875
213.797489
116.057988
108.609181
110.384025
35.918473
156.355099
130.551964
52.820424
126.974934
167.101307
93.217152
39.486468
66.288409
244.776065
147.569613
148.939961
155.045077
155.612866
196.935111
160.918909
266.386163
168.993628
170.82492
173.015654
177.278231
91.909159
90.790747
186.367428
290.115059
193.047044
219.224447
104.559129
109.506796
104.576827
124.084184
106.576655
110.100113
114.169742
117.521125
42.260457
144.211487
47.272732
128.243036
133.366387
137.888667
50.091591
170.945508
74.007334
176.688859
80.894195
21.267313
155.82724
160.12249
162.527043
267.34858
169.744578
202.405988
81.385011
81.214926
179.877489
183.498535
111.26021
97.798866
116.70338
91.52279
198.245984
103.782528
16.035111
107.157151
111.808052
217.573294
119.427419
122.927146
44.62693
159.860381
129.04792
133.727474
138.098171
246.251276
149.651623
69.073887
149.455699
67.597506
15.360681
158.408226
180.948959
70.03473
169.550671
176.441519
100.214814
180.715242
186.267965
93.65935
99.116418
113.918449
59.888386
105.071675
111.108121
113.296639
29.080022
47.831597
125.476926
130.525766
67.985673
134.504703
158.107182
73.448708
142.203866
62.101776
14.058303
253.329303
155.901636
156.236517
160.959928
165.129475
166.335304
182.347647
197.591743
83.366842
181.18169
185.654864
105.642381
94.858925
100.926453
197.941312
224.682108
99.896897
105.244847
17.128238
134.678223
45.644916
116.596681
31.183422
123.187444
128.551729
134.13943
53.858685
52.867159
142.89066
166.66242
151.870527
155.926523
91.970176
17.370485
164.788069
83.067969
78.155123
172.099856
91.871052
86.180791
179.056581
187.594248
194.343631
96.773916
94.762813
194.375481
104.539695
17.936421
106.623034
118.37861
32.20551
135.114767
186.855643
230.816156
133.606448
158.660978
86.438975
41.1071
131.711526
138.846614
143.299459
163.869428
146.743818
73.185623
155.501573
81.70434
161.744944
169.952527
88.818895
70.523307
178.275342
182.296382
109.149219
94.493085
189.887785
193.30355
226.992664
99.323631
103.888815
31.632276
108.808388
114.038293
141.931684
118.990231
124.021192
127.54784
131.472015
56.851444
371.650335
144.611312
147.667417
175.947587
149.123178
151.802007
61.918504
16.91502
163.608946
86.942999
78.579473
80.923178
168.914016
97.053506
74.743842
315.825343
230.037304
141.659463
47.751921
92.81163
98.970334
140.007191
45.766536
103.53771
112.938013
25.637482
112.20676
51.590713
114.576061
116.429289
45.125197
21.836262
127.628797
148.561986
130.867871
134.191655
177.322214
137.931467
140.384677
163.492577
77.044695
152.573043
155.114703
75.812736
164.461633
90.865786
79.641098
170.584089
176.148961
97.999564
192.087543
185.721833
190.662022
195.427094
104.90288
224.387254
107.436052
27.017076
20.437576
136.276135
77.165494
16.578639
153.485713
132.398015
133.643825
144.174788
147.778603
57.381027
180.827347
85.972043
66.751579
160.526293
163.786028
70.247462
172.078121
173.211189
158.63726
60.989619
185.143973
95.814764
116.332007
193.222857
230.415629
145.939331
55.455268
24.853865
131.031941
38.522063
107.798451
129.204222
111.140846
143.165109
120.915161
149.149528
124.84308
130.879604
38.623932
138.670038
143.217921
59.458418
167.636949
78.774046
13.777589
153.172536
79.972494
166.498868
191.903401
136.183905
60.536719
171.37183
222.330562
127.353773
36.24997
184.588418
188.762072
107.270787
100.469729
116.926203
27.664792
104.829574
20.40367
107.585279
114.995659
30.206628
14.933869
176.188284
78.223499
13.687559
161.798553
144.519408
138.865716
58.659161
153.220268
68.421904
161.505951
208.482469
162.594744
200.43192
217.801823
70.675158
204.69365
106.307887
18.890554
187.185916
102.98381
95.490557
137.08522
104.411502
107.189286
30.877775
114.81559
40.162607
204.821476
122.956494
125.408533
130.116879
132.54176
153.34026
139.442422
144.71073
147.49643
152.237223
158.110321
68.343801
19.039097
155.770436
169.560484
174.479438
321.147623
95.659857
190.668102
319.745296
125.965491
34.798666
104.692298
110.427169
26.825855
143.853231
61.60393
122.684609
32.378448
139.547538
233.432423
59.886255
240.726188
152.138836
62.041398
176.031044
197.830725
154.976877
159.821015
123.026912
37.814965
273.697086
179.149754
177.919246
92.775303
87.177276
183.868233
187.889662
109.896756
25.998862
219.012316
223.766901
137.73409
103.511972
27.194986
210.668076
113.404374
113.277055
169.251818
81.280237
25.677991
124.302747
127.254154
38.43032
136.588133
136.164282
141.476606
48.471785
148.306157
69.333883
116.636019
25.691017
165.505485
81.065689
202.521082
183.245806
220.46288
90.476052
98.219083
194.566687
225.911806
105.760019
25.779873
108.979435
111.882179
30.417558
143.508267
50.139653
128.092433
41.577337
158.832205
69.191978
131.243608
137.927727
83.816679
145.795118
60.025553
131.390333
151.311455
164.45347
162.778101
83.866293
89.708372
111.212739
26.817636
218.407917
26.351492
204.220717
106.239551
24.110154
192.362941
100.665928
200.385362
102.721194
23.934645
137.202523
46.227002
151.609386
54.855568
30.538772
121.797235
124.614044
53.964604
34.634618
136.518691
55.962768
219.570932
144.770888
160.892605
149.600376
159.032498
71.886217
165.495598
94.245491
75.558324
35.677959
174.763479
187.954564
185.573158
290.62345
202.677361
107.585495
102.81743
104.119434
44.918188
115.091443
30.505779
108.801374
112.418314
115.507609
118.806784
122.973119
126.052407
130.316339
162.998389
148.391246
106.052277
49.720681
148.958006
87.46318
154.491218
157.018548
159.823422
166.218633
86.387615
68.343657
82.380634
143.198637
58.183873
193.396381
431.403571
308.438121
111.250439
105.722241
108.705843
29.643864
118.334775
120.902867
136.512042
58.434463
133.442893
61.666322
142.764916
150.914085
153.457923
160.088985
161.962592
166.899711
168.309322
174.330266
89.249184
87.299601
82.072237
297.6246
100.815285
103.424049
99.91929
27.911907
123.512228
104.154193
24.355874
141.962855
130.779717
113.164908
53.154395
122.638025
46.183258
131.754914
139.019494
139.751754
144.143209
71.748151
153.309027
83.900604
18.200648
161.307982
83.816674
81.107387
213.437289
81.54099
89.176176
178.225518
183.261792
109.870505
18.711501
192.741592
195.80007
107.810207
27.158203
206.791624
108.586538
111.879004
118.586557
103.785612
120.55616
126.695725
130.084861
51.597033
184.440005
87.211695
11.715545
140.525411
143.988657
59.616909
174.625509
169.703408
85.551663
22.522618
192.596111
96.356429
71.224014
227.940285
77.746469
278.60688
81.01738
19.325021
195.452484
299.520235
202.631441
103.983315
17.19045
133.17159
36.698775
132.881967
114.40826
147.568279
56.222765
137.359762
47.207883
129.33162
131.577202
134.488729
102.523854
45.274649
