75.591477
21.631891
76.271023
16.391879
82.981106
21.522838
82.180097
20.733617
90.431801
27.042936
92.938522
11.531483
102.290371
17.722305
113.036295
26.652157
115.520408
27.116024
83.404989
23.897277
117.042397
25.14239
103.68109
111.054422
114.685388
119.288168
145.715304
54.051846
135.641803
167.250025
133.41691
51.677185
139.654434
145.737374
148.975701
177.688519
80.393678
159.099649
163.73145
169.766342
173.303075
179.016904
183.682216
188.948306
192.4798
111.384014
110.930614
106.824935
112.167255
117.243676
139.642977
53.694231
143.193399
56.115052
131.181908
136.04054
138.431548
167.966174
71.601952
148.638463
152.218749
160.002638
187.882538
92.589791
20.313233
186.253686
99.067152
23.29269
202.716105
104.917388
31.261399
102.334762
13.729672
108.767467
13.587212
193.769304
215.766898
124.254846
32.532577
121.822116
28.399784
107.214696
40.866042
116.742755
120.548445
121.838454
126.346143
74.709518
31.053317
140.152294
143.685729
148.80286
154.935047
165.064103
163.375807
185.159182
96.776141
75.640974
172.331457
175.494476
201.620217
103.317641
30.514759
188.473749
211.185091
121.820076
32.10875
223.855474
125.977694
35.793431
122.990392
30.617973
108.421592
143.222946
73.310365
116.418482
121.293667
80.066132
10.858836
133.597204
137.760673
142.9319
147.431259
201.931376
113.033884
59.59041
159.806541
164.503504
169.842858
181.721057
179.174084
199.556371
100.815495
91.868515
189.614177
214.987895
122.276136
30.838595
103.09092
125.590347
32.706361
110.466871
113.954856
34.797769
121.441436
142.490473
52.775701
132.669825
137.05734
140.121356
148.149281
151.008654
155.041965
161.675263
164.389185
155.236635
200.932131
104.864227
34.186765
196.316779
109.405511
24.479775
118.87389
34.668733
115.268437
33.216156
102.880399
125.275184
38.890719
125.175009
32.635212
109.03427
31.666006
118.06483
123.003781
125.492278
131.648355
134.079495
140.393823
160.414597
72.231493
165.40911
73.976833
154.466994
156.178641
90.702928
11.841802
168.424718
192.668958
103.910175
26.009985
205.571037
127.773764
42.126264
197.569124
194.235931
200.33725
103.178567
19.478598
110.306116
114.810326
120.020221
125.723697
129.335059
150.615516
61.680307
139.196994
143.027907
147.999069
82.118276
12.085283
160.94916
162.406254
167.739907
190.610902
94.699203
72.842438
205.892885
113.32234
31.172644
187.239037
191.343399
195.242178
117.037915
24.259753
104.058325
127.936277
33.348539
131.654745
34.329827
117.778792
142.828452
51.415628
12.65144
129.67725
135.117587
139.17597
143.768019
165.441547
73.256186
153.803071
159.271993
162.814909
168.6781
194.924646
101.970666
34.253235
198.088858
10.933639
211.675074
124.854394
27.629816
90.195828
100.951646
124.584692
26.162469
122.895369
108.542392
112.515207
215.34758
123.072657
144.572551
53.734065
154.383038
55.544706
46.324716
154.515066
62.88446
137.08077
164.86028
72.93028
22.344577
76.039253
11.636306
73.766043
11.329002
74.730678
14.093542
79.028358
13.623248
82.234569
21.184172
90.659629
16.13704
94.620786
16.476526
101.116312
21.197892
145.819511
65.613698
121.384188
36.48165
122.14864
23.334476
145.215284
50.097712
130.226053
33.156854
154.609819
56.41185
141.774245
57.309673
155.264722
62.055349
21.40994
43.110974
46.53655
46.302738
53.792584
12.506517
61.220395
17.412428
77.569178
17.280912
63.83324
10.904709
79.062815
18.520546
78.070608
13.683391
85.80204
13.585606
87.003836
12.287489
94.543881
13.324765
95.792315
14.924591
91.180334
17.039538
100.678028
16.713458
192.822252
106.080349
109.289083
105.739473
137.676274
40.120407
113.605778
135.461225
44.28012
122.853146
127.365616
155.522867
91.663079
13.475408
155.833665
65.667063
143.996974
164.455178
76.878127
161.236815
182.496935
93.010602
15.10073
163.191322
185.513651
98.53557
74.82408
174.318036
179.344968
183.258597
189.046347
208.813841
116.533544
24.281667
128.265139
34.684901
103.328565
125.69064
33.191278
115.310066
134.506813
43.146171
125.847198
142.936439
55.126735
13.029943
156.516969
62.939457
156.404919
63.121743
15.10546
145.468052
148.67768
152.476017
159.156002
186.2272
94.07925
62.71007
175.131212
172.811144
275.671111
176.940681
180.649715
105.468682
23.445347
115.953882
23.47203
136.908674
43.552001
133.171952
48.404955
105.905969
111.62526
111.66554
32.049467
153.765744
55.732031
21.941589
48.009524
46.541709
46.664902
54.212714
25.866316
53.884976
134.151815
57.247342
21.456667
61.776327
11.892217
77.90218
16.127029
78.986064
12.019026
88.336374
13.793332
83.226668
12.473225
99.197518
15.136082
17.574171
99.218838
16.493346
100.146895
13.115149
123.437007
26.580905
117.464384
30.132431
116.935317
23.612952
28.531591
133.318455
46.235543
26.943216
101.240967
113.28534
217.444512
119.170196
123.794075
128.148441
232.14293
133.847309
154.722798
65.946145
43.839693
247.303061
149.666962
165.892102
73.092682
179.091618
90.606791
60.803615
161.82017
166.553523
270.540521
177.079103
277.615971
179.798332
188.152366
186.975763
191.748836
196.441102
101.72355
109.096878
106.187108
137.536151
44.352995
216.490736
118.121891
221.639724
123.639002
126.036608
131.247872
135.654779
141.028373
245.338531
148.299676
147.408921
177.065149
95.999277
60.153026
160.789124
165.623928
269.994745
172.192448
174.531413
200.288815
106.496295
27.174741
186.895928
213.847893
117.669201
29.36379
100.092629
97.300614
125.95877
30.38096
205.059337
107.021772
110.576088
116.776751
121.29255
125.908918
130.460866
134.045661
140.096777
141.112406
146.796254
171.795145
79.520701
8.756418
258.766855
160.981374
177.27356
210.154419
117.397696
39.346848
184.555631
180.322727
186.981793
191.205237
204.339683
220.301802
123.831024
108.438091
104.408265
110.398038
114.431564
135.464135
46.547412
123.921547
128.893719
149.840767
57.950794
136.624978
156.9042
67.724507
159.896596
66.672827
165.607001
76.99496
170.679717
74.955536
15.314697
169.270875
174.358573
171.635265
176.634337
180.973732
99.027661
14.830497
191.217
108.309077
101.941482
105.960085
128.148138
36.826538
139.275111
44.273727
136.479557
47.368241
131.830831
130.027484
133.521609
139.510812
162.760414
65.734151
165.872096
75.158678
153.583171
159.915208
183.09516
89.637341
13.22208
173.482918
199.56082
85.974026
15.599175
187.407044
191.470213
218.301504
120.724759
24.828958
118.321352
24.706089
107.216827
111.793867
117.042559
121.868785
124.422847
42.568953
136.97744
134.466039
141.55809
147.365297
256.423359
158.422639
177.017323
79.260308
177.826322
84.708733
188.168911
93.763006
23.442968
171.236997
175.124103
219.081143
120.789155
87.618639
107.577056
14.145836
193.313166
221.17745
126.707907
35.733461
122.596443
26.567438
108.993417
138.572325
111.298821
115.847922
118.289539
140.104298
50.949866
127.992572
132.579075
140.497637
144.739272
149.008178
160.26858
178.022241
162.133159
164.4206
169.457732
175.164442
179.239341
205.636117
27.964835
207.848749
116.907987
99.071482
120.043292
27.336573
125.326079
32.512413
104.531124
109.711002
28.03954
116.559943
123.378213
125.802335
133.935153
136.591882
168.413735
70.390508
143.940043
148.740619
159.797615
166.280197
164.315014
188.427415
95.541535
77.171705
91.15899
84.27031
187.034573
192.258428
195.508664
194.913881
107.794911
110.493229
110.473674
33.577516
123.33598
141.71973
48.479452
127.829768
135.513359
136.836832
166.842733
82.249407
147.258882
148.163824
158.14626
161.42644
158.64978
175.075529
192.337497
98.919547
76.457116
181.268758
178.674686
191.547362
95.090129
197.703099
215.070924
123.218957
27.261509
110.160876
19.832697
107.772434
121.788626
42.969075
127.2827
50.472234
138.627962
160.053189
72.337017
146.981605
145.782757
158.259793
153.889728
155.535178
171.024773
189.94773
103.968698
28.98284
184.629898
196.79124
98.203784
88.727132
193.383896
190.497286
204.893457
104.570315
106.891252
116.308299
116.57592
120.968047
130.786375
135.309422
321.14096
144.434724
147.681592
104.191718
24.269169
168.834073
83.496005
11.036694
168.18687
171.858437
176.712659
184.228187
200.727331
109.85479
27.794849
195.410793
96.039263
194.525097
109.7291
109.93466
115.528724
121.646197
146.556468
59.35275
130.748586
154.869928
58.35705
149.946652
58.884946
141.465251
145.549439
67.963469
152.73527
156.661365
164.388568
189.285644
97.482972
73.991616
16.998836
203.641682
111.189616
28.845014
190.704978
195.572157
209.784687
118.601913
33.422667
215.376473
106.94604
112.314103
116.171739
123.943306
141.217022
48.851847
131.443057
130.040872
134.426927
159.907615
66.722004
150.747649
172.697218
156.606269
161.51722
178.76867
85.785891
66.599543
166.478715
191.741484
104.821055
34.573494
176.738853
182.122557
186.608179
98.064984
197.648922
107.600646
106.454866
132.506388
39.73315
116.974001
131.48866
129.121685
46.427853
157.452879
67.769789
39.6228
142.32322
146.600983
148.019676
151.096596
156.938352
178.79503
91.565316
19.680547
176.318174
94.220461
173.135208
201.483772
107.737296
26.047278
185.884325
197.329653
195.56547
109.78787
112.387084
110.389476
114.570414
121.412472
37.616469
122.905633
130.026361
133.123234
141.387942
153.094707
156.412931
179.372064
155.075401
167.535662
163.817228
94.509805
17.669109
175.132164
202.289552
114.232891
28.499086
186.730508
205.232027
127.874593
102.221093
120.234184
30.607942
120.816611
132.687492
38.086755
116.807893
141.797143
51.425081
122.177008
128.12534
131.344616
136.457597
161.733531
66.667153
152.392413
157.781163
155.397827
161.658258
169.14779
167.671853
191.309082
99.715901
77.906304
178.072233
181.427484
185.685591
219.447369
128.729787
39.301291
218.682156
127.997594
42.126817
103.640967
22.119203
125.966355
28.274994
123.417091
137.723011
48.691208
148.319138
51.666539
118.497307
132.794944
138.943031
143.96791
148.242483
150.978329
156.563869
184.82669
87.600337
66.338318
167.919943
173.471553
195.058495
109.824263
22.605728
184.422177
187.48689
194.677974
121.341699
31.817851
107.635392
102.805627
109.423313
112.441306
119.045985
121.90296
127.152886
158.44489
130.856707
136.818815
158.974148
68.886558
146.728362
150.499617
171.773589
84.298616
60.467483
261.27209
163.852817
164.893177
373.658585
274.063017
174.994238
180.663795
184.754805
290.868155
193.052225
112.226421
19.473205
222.374649
145.788134
47.383376
120.090688
133.880098
36.902907
112.910667
51.777896
128.635862
248.111839
161.651471
76.428389
131.726198
136.662622
144.744498
155.006686
152.703392
156.518648
185.011719
168.069626
199.654053
171.742036
177.670199
180.286867
92.40184
107.548073
28.02461
197.618111
103.720989
207.137372
108.470638
188.527208
91.437165
115.205746
120.847502
146.517379
124.411832
127.617198
132.216073
136.275232
164.042677
80.585681
247.375806
149.568968
178.210842
151.757139
183.599062
92.519167
62.298987
164.491246
168.219677
172.520588
178.120762
180.587843
184.202909
289.303399
190.176413
211.820287
132.122009
39.862105
109.133678
104.516377
82.241058
150.541209
51.739545
115.383724
139.652147
51.497667
125.948744
129.389873
132.552854
156.439725
63.375921
142.899641
249.958475
152.08606
152.275855
156.465472
161.133006
167.606521
172.747748
175.751894
179.558706
184.187638
189.653137
98.871129
215.074261
229.690806
142.699636
49.53522
208.172683
110.352313
121.583218
124.486378
120.980828
136.446031
128.086226
132.004493
137.186683
162.358867
82.185659
48.839629
101.721235
10.531809
156.55783
161.312083
183.988445
92.713523
71.01702
173.101487
275.982539
178.036159
209.040947
119.36519
27.449084
205.144928
196.990643
217.710735
121.5968
27.896179
214.757272
116.595286
110.739924
113.960181
121.262567
219.891585
121.165501
142.405763
50.491401
152.047997
53.111281
135.114641
157.444851
82.001417
157.786754
149.3818
182.222497
96.658105
59.652854
159.963056
181.752981
91.70523
72.929923
171.460322
193.850676
103.135466
19.838244
182.837076
288.436886
238.522057
139.818681
43.095848
100.390888
104.369489
107.157915
117.73966
115.047523
118.826275
144.730809
49.939644
150.220369
64.655946
19.264751
136.099093
122.376283
144.037032
148.355734
152.9558
155.735971
161.433167
181.931165
109.488859
17.928904
171.146604
175.939145
181.557569
209.499993
124.696965
30.181956
194.087906
115.517508
103.096848
102.780701
138.50013
103.02646
111.281195
116.531799
121.597846
125.66075
151.304157
61.956729
137.991712
260.218968
169.137076
84.201453
52.614814
147.583739
162.017049
175.280621
79.63513
9.783548
166.642555
171.671004
204.72357
120.624327
30.858532
185.447315
191.713006
193.433119
170.983628
130.737938
46.395276
107.150779
111.031187
112.46775
117.611938
140.501074
48.555006
153.418443
70.145486
133.217989
138.350372
148.700014
162.000524
79.079563
18.324099
153.289621
160.529093
163.400564
168.099345
191.577811
99.462824
81.543071
178.386892
215.066904
123.884828
30.570427
200.744608
97.826637
196.570227
229.100163
139.752771
43.311868
208.585782
219.128648
167.984707
90.089392
127.726192
234.355303
137.787239
156.294161
247.313284
155.648531
79.671923
168.979411
93.415074
21.732362
189.571853
154.072197
199.599865
125.131463
160.467962
268.150365
311.356854
238.991045
180.575668
179.560159
194.556507
239.635772
208.837199
129.55285
135.929039
61.684642
118.081298
140.653689
177.788239
225.937603
130.513881
149.552474
197.020395
98.631496
138.763938
148.511499
156.93071
153.673962
165.464246
168.132701
166.64217
169.457382
179.091324
530.71815
497.105096
399.047996
319.16508
147.386554
48.576095
124.205472
48.139274
107.354289
168.714996
117.673926
249.663401
200.260066
131.311536
126.78727
144.874916
140.808976
160.033491
75.166312
48.468252
157.063317
218.87044
154.555231
163.74684
164.227218
189.155549
77.929089
190.857944
87.055293
192.282
295.995557
200.413073
130.055645
150.615031
150.168619
52.031133
123.335833
140.119053
125.983125
52.137983
156.01738
235.458052
137.9797
